1 - 16 - 100
4.56385
11.8789
2.37183
0.0031751
18.8227
1 - 16 - 1000
4.7272
11.7063
1.29726
0.00562633
17.7523
10 - 16 - 100
5.14806
1.63318
0.134472
19.5238
26.44
10 - 16 - 1000
5.0688
1.9407
0.13889
23.0217
30.1712
11 - 16 - 100
4.88793
1.47954
0.117258
20.2654
26.7506
11 - 16 - 1000
4.89335
1.76961
0.163589
23.7883
30.6158
12 - 16 - 100
5.0879
1.06626
0.152221
16.5494
22.8562
12 - 16 - 1000
5.05167
1.347
0.154911
22.4747
29.0291
13 - 16 - 100
5.00625
1.28875
0.138137
16.7221
23.1556
13 - 16 - 1000
4.98048
1.55216
0.116575
22.8071
29.4571
14 - 16 - 100
4.9257
0.973092
0.085541
19.8089
25.7937
14 - 16 - 1000
4.89574
1.41426
0.101659
22.5554
28.9679
15 - 16 - 100
4.93175
0.943275
0.0788065
18.5508
24.505
15 - 16 - 1000
5.01189
1.35711
0.094682
24.7701
31.2349
16 - 16 - 100
6.01064
0.8677
0.076882
18.6607
25.6163
16 - 16 - 1000
5.04721
1.00659
0.0903865
24.4709
30.616
17 - 16 - 100
5.07794
0.827488
0.0763914
17.803
23.7853
17 - 16 - 1000
5.2204
0.95949
0.0886765
24.7682
31.0379
18 - 16 - 100
5.20934
0.960677
0.0654353
18.9175
25.1534
18 - 16 - 1000
5.31483
1.10346
0.0844658
24.2714
30.7753
2 - 16 - 100
4.69113
5.52696
1.16785
12.0777
23.4811
2 - 16 - 1000
4.90337
6.89411
0.71834
11.6486
24.2053
3 - 16 - 100
4.88869
3.98559
0.672892
15.9394
25.4914
3 - 16 - 1000
4.81144
6.28975
0.435451
14.8784
26.4165
4 - 16 - 100
4.9547
2.89819
0.455056
17.5915
25.9012
4 - 16 - 1000
4.8191
3.84774
0.307234
19.7603
28.7356
5 - 16 - 100
4.97963
2.61563
0.336392
14.0182
21.9515
5 - 16 - 1000
6.03097
3.24071
0.313586
20.1664
29.7534
6 - 16 - 100
4.97115
2.01779
0.271073
16.2192
23.4797
6 - 16 - 1000
5.06479
2.52631
0.226166
20.8295
28.6485
7 - 16 - 100
5.26349
2.31723
0.220179
14.2105
22.0119
7 - 16 - 1000
6.17562
2.11191
0.191833
18.4229
26.9039
8 - 16 - 100
6.22173
1.59807
0.181105
16.3732
24.3746
8 - 16 - 1000
5.54803
2.5417
0.164905
22.9395
31.196
9 - 16 - 100
6.00254
1.78062
0.158969
14.1157
22.0583
9 - 16 - 1000
5.10274
3.56363
3.40737
19.8071
31.882
1 - 1 - 10000
4.64608
91.3788
4.32751
0.0271274
100.385
10 - 1 - 10000
5.45879
15.4044
0.526868
9.95911
31.3529
11 - 1 - 10000
5.40651
14.2104
0.473114
10.1749
30.268
12 - 1 - 10000
5.34597
13.3495
0.436032
10.1119
29.2467
13 - 1 - 10000
6.38188
11.1844
0.530371
10.5359
28.6364
14 - 1 - 10000
6.31749
10.4845
0.490631
10.6685
27.9649
15 - 1 - 10000
5.3185
11.6064
0.352283
10.6646
27.9448
16 - 1 - 10000
6.33439
9.75381
0.438004
11.2011
27.731
17 - 1 - 10000
6.51277
9.26943
0.404812
12.5345
28.7253
18 - 1 - 10000
6.5907
8.70037
0.387195
12.6762
28.3583
2 - 1 - 10000
6.1062
66.9576
3.3777
7.92609
84.3719
3 - 1 - 10000
5.28535
43.8044
1.76753
9.12774
59.9885
4 - 1 - 10000
5.44182
34.9907
1.29769
8.54714
50.2808
5 - 1 - 10000
5.50748
28.6013
1.04509
9.03562
44.1928
6 - 1 - 10000
5.34164
24.3669
0.871388
9.08143
39.6647
7 - 1 - 10000
5.2673
21.0079
0.745962
9.28414
36.3086
8 - 1 - 10000
6.3397
17.5888
0.857894
9.34242
34.1332
9 - 1 - 10000
5.16793
17.1809
0.581416
9.75637
32.6899
19 - 1 - 10000
6.47829
7.87734
0.374777
12.845
27.579
19 - 16 - 10000
6.75637
5.91192
0.185811
22.3476
35.2071
20 - 1 - 10000
5.72382
8.63776
0.269608
12.9098
27.544
20 - 16 - 10000
5.47879
4.70288
0.848639
17.4951
28.5305
21 - 1 - 10000
5.72049
8.33169
0.255888
12.9691
27.2799
21 - 16 - 10000
5.76217
5.95676
2.87689
19.1612
33.7622
22 - 1 - 10000
5.59879
8.03402
0.241182
13.0682
26.945
22 - 16 - 10000
5.63617
8.7722
1.09492
23.8789
39.387
23 - 1 - 10000
6.62998
6.62313
0.307813
13.1986
26.7631
23 - 16 - 10000
6.38954
3.74345
0.173322
20.2125
30.5239
24 - 1 - 10000
6.55659
7.20036
0.293183
13.2793
27.3331
24 - 16 - 10000
6.72547
3.91081
0.365786
19.2275
30.2361
25 - 1 - 10000
5.30061
7.15634
0.220091
13.475
26.1549
25 - 16 - 10000
5.84462
7.72434
0.658213
24.6868
38.9212
26 - 1 - 10000
5.59568
6.14951
0.213705
13.5495
25.512
26 - 16 - 10000
5.46256
4.16679
0.198089
19.6192
29.4528
27 - 1 - 10000
5.59413
5.45068
0.20138
13.6142
24.8639
27 - 16 - 10000
5.67865
2.78775
0.158228
18.9138
27.546
28 - 1 - 10000
5.57616
4.60086
0.193961
13.842
24.2161
28 - 16 - 10000
5.5573
3.65652
0.186594
21.4905
30.8982
29 - 1 - 10000
5.42337
4.44984
0.19618
14.0265
24.0991
29 - 16 - 10000
5.50632
5.57231
0.209499
25.0228
36.3177
30 - 1 - 10000
5.54958
4.76694
0.182514
14.2868
24.7895
30 - 16 - 10000
5.39081
3.00307
0.142851
21.3237
29.8671
19 - 1 - 10000
5.78964
9.1517
0.278419
12.8924
28.1151
19 - 16 - 10000
5.74621
3.49192
0.41565
15.2253
24.8846
20 - 1 - 10000
6.38495
7.56236
0.353973
13.0374
27.3425
19 - 16 - 100
6.31799
1.84543
0.0979028
17.0019
25.2636
20 - 16 - 100
5.59018
1.81332
0.0676407
19.0471
26.5186
21 - 16 - 100
5.40193
1.49808
0.0667945
17.3025
24.2697
22 - 16 - 100
5.70589
1.28247
0.0665604
15.8595
22.9149
23 - 16 - 100
5.35349
1.30351
0.058571
16.3849
23.1009
24 - 16 - 100
5.54695
1.69754
0.0548805
18.5884
25.8882
25 - 16 - 100
5.27982
1.37163
0.0576028
17.9909
24.7003
26 - 16 - 100
5.42987
1.45524
0.0561343
19.4216
26.3632
27 - 16 - 100
5.22513
1.86989
0.0572145
19.5494
26.7021
28 - 16 - 100
5.45922
2.28145
0.0481362
21.0241
28.8133
29 - 16 - 100
5.41567
1.65052
0.0550366
18.156
25.2776
30 - 16 - 100
5.2465
1.95385
0.0486313
18.6607
25.9101
